[porsche_a_2(1).jpg]
moddate=a9c2a38e3284d001
width=800
height=600
text=1;132;11;CAR POOLING;Arial;0.127581,0.439543,0.050584,6.283185;v1,4294967295,4294967295,128.000000,1.000000,0.000000,1.000000,400,0,49152;;
textactive=1
